X,Y
52,1
49,1
70,5
73,1
75,4
10,5
87,4
29,0
44,1
96,5
75,1
94,5
95,0
20,3
58,3
70,1
46,4
94,4
53,4
90,4
90,3
41,4
30,2
77,0
74,4
14,1
27,2
82,2
70,1
88,1
47,5
64,1
87,4
108,4
90,3
56,3
36,2
28,4
24,3
17,2
44,5
33,0
71,3
16,5
62,1
32,2
40,0
79,1
24,4
41,3
78,2
61,0
29,2
40,3
5,3
1,2
39,1
55,3
6,3
40,2
17,2
85,1
9,0
47,0
67,4
37,1
10,2
68,4
41,3
57,3
37,0
15,1
47,5
85,1
97,0
5,1
23,0
104,3
61,0
17,1
51,2
86,1
77,1
68,0
9,5
77,2
48,1
5,1
81,1
55,2
82,4
18,1
25,2
99,5
66,3
29,3
85,5
15,5
94,1
55,4
53,5
78,2
42,1
39,4
70,4
96,1
70,2
97,1
5,1
52,0
40,4
36,3
50,3
100,3
8,0
98,2
47,3
86,0
26,2
81,3
6,1
19,4
52,3
67,2
25,2
62,0
5,1
104,1
68,3
36,3
98,2
76,2
85,0
51,4
105,1
20,0
88,1
51,4
29,2
18,1
49,1
60,4
68,5
37,2
16,5
94,3
51,1
20,3
2,4
53,1
82,2
38,1
56,2
8,2
46,1
26,0
53,3
42,2
62,1
61,2
85,4
33,1
31,1
7,4
7,5
102,1
107,0
16,3
41,1
76,2
28,4
99,0
78,4
34,2
66,1
55,4
76,0
64,1
14,0
99,4
11,4
76,1
13,2
93,1
77,4
82,2
62,4
24,2
32,5
37,4
23,5
34,0
84,0
69,4
67,3
91,4
39,5
33,2
77,5
88,3
36,1
21,0
74,1
59,1
26,0
80,3
45,2
18,2
40,1
60,2
84,3
14,1
46,2
98,4
3,4
95,3
44,4
95,4
33,2
72,3
83,2
7,2
76,2
43,3
94,3
68,4
69,5
94,4
51,0
40,5
15,1
93,3
14,3
63,2
37,3
35,3
11,3
32,1
90,2
96,3
27,2
59,4
57,0
51,1
29,2
54,2
34,3
75,4
44,1
43,1
13,4
79,1
45,5
31,4
7,5
55,3
99,2
50,5
7,4
33,5
17,4
15,4
35,4
50,3
72,2
43,4
61,2
85,2
102,2
47,4
34,1
37,4
92,2
37,3
5,2
41,2
5,3
76,1
39,2
75,0
55,3
84,2
65,1
10,3
68,5
9,2
88,3
37,1
91,1
49,2
40,0
48,1
32,0
71,1
35,3
31,5
37,4
34,3
21,3
23,1
97,2
89,2
8,3
76,4
12,4
47,2
70,1
93,1
85,3
48,2
39,4
80,2
28,0
30,1
25,5
74,1
75,4
27,3
96,5
52,2
91,3
55,3
46,1
96,1
49,0
22,3
73,4
89,2
104,3
100,3
77,5
30,1
88,1
62,2
3,5
87,4
67,1
22,4
42,4
103,0
31,1
69,4
72,4
59,4
10,0
62,1
99,2
99,4
91,2
35,3
20,3
75,2
79,2
89,0
18,4
61,1
83,5
55,4
73,0
76,0
96,1
39,0
29,1
38,1
48,1
23,3
88,2
36,2
29,3
84,2
77,5
25,4
104,4
88,3
8,0
73,4
66,1
22,1
9,3
3,3
17,4
82,3
87,0
56,4
16,2
9,4
48,3
93,1
53,3
27,2
75,3
58,4
53,2
91,0
58,2
99,2
27,0
43,2
56,3
34,5
60,4
61,4
50,3
62,2
23,0
51,5
88,2
72,4
78,2
59,2
54,4
95,3
61,3
85,1
33,2
43,1
66,4
55,1
77,3
52,3
22,1
75,4
39,0
39,1
16,1
17,2
14,1
89,4
31,3
86,3
98,1
12,2
108,1
14,1
90,1
75,3
88,5
95,5
73,1
64,0
16,3
57,4
24,5
33,4
7,3
52,1
88,2
37,3
61,4
33,1
29,3
102,0
63,3
25,3
29,1
35,2
38,0
53,2
52,3
89,4
15,4
15,1
59,5
1,1
90,4
39,5
89,1
23,2
4,2
49,2
72,1
25,0
37,1
76,1
85,4
55,4
16,3
100,4
99,5
45,1
64,2
40,4
22,2
70,4
17,5
63,0
93,1
40,5
86,4
83,3
25,1
75,0
103,3
102,2
50,3
9,3
15,3
64,2
3,3
5,0
43,3
28,4
67,1
43,3
104,3
75,0
14,1
9,4
106,2
45,0
62,3
35,1
28,1
68,3
31,4
96,4
55,5
77,3
62,4
76,2
40,0
16,1
102,4
80,3
92,0
8,2
70,4
90,1
99,1
68,1
90,1
78,4
92,3
98,3
4,1
14,3
94,5
35,3
77,2
89,5
11,0
26,2
98,0
9,4
47,5
54,1
9,3
52,0
40,1
94,2
78,4
103,3
93,1
96,3
83,0
31,2
85,5
34,3
79,2
102,0
46,2
61,3
60,5
53,2
46,4
10,2
58,0
102,4
94,3
26,4
39,4
73,1
20,1
50,3
59,4
82,4
38,5
62,4
8,5
83,3
31,5
87,3
104,2
39,1
77,1
98,1
64,3
29,0
28,3
84,0
79,3
100,1
95,5
57,3
55,4
82,3
62,1
69,4
52,1
4,3
10,0
83,3
15,1
74,1
94,2
14,4
54,3
35,3
19,5
41,3
46,1
53,3
46,0
83,2
7,2
92,1
70,3
44,3
70,2
97,3
79,1
94,4
39,1
97,3
51,1
46,0
101,3
35,1
21,2
98,1
81,1
73,1
80,4
19,3
90,3
34,0
57,2
65,3
65,2
74,4
97,5
42,1
82,0
10,4
68,4
45,2
46,2
86,4
94,5
78,2
29,2
9,2
36,3
10,1
75,4
100,2
94,2
70,0
82,3
61,1
80,2
29,2
37,3
87,3
35,1
13,1
32,0
27,4
47,3
90,2
21,4
30,4
37,4
5,1
7,4
74,1
21,1
92,4
74,1
60,2
79,1
64,4
72,3
77,3
50,3
7,2
48,1
64,4
42,4
76,5
19,4
65,1
94,2
94,4
12,0
86,2
89,1
72,2
61,2
6,1
20,2
75,3
66,2
94,1
31,0
3,0
73,2
47,3
45,4
60,4
53,4
55,0
27,0
40,3
21,5
104,2
78,0
10,2
54,2
55,0
42,4
90,2
29,3
17,2
48,4
39,3
36,2
95,0
33,2
55,2
52,3
64,3
78,0
82,2
18,4
9,3
11,4
5,4
50,4
78,4
44,4
48,1
84,1
52,4
51,4
74,4
98,5
51,4
31,2
11,5
77,3
88,3
72,2
24,0
89,5
51,2
34,4
28,0
92,1
57,4
52,5
73,5
14,3
9,2
97,0
94,1
75,5
10,1
13,1
106,3
39,3
42,0
33,3
36,2
30,0
108,4
91,0
51,3
97,4
86,2
28,0
101,1
36,4
76,4
23,5
27,0
25,5
48,3
32,4
30,2
27,5
72,0
49,4
85,1
46,0
56,1
5,2
14,1
69,2
15,2
100,3
107,4
59,2
70,4
24,2
35,3
57,4
25,2
47,4
8,5
66,0
104,4
15,0
17,5
40,3
27,4
15,4
10,1
45,4
5,2
15,5
15,0
14,1
39,4
75,4
94,3
52,4
52,4
8,4
81,4
29,4
13,3
76,3
7,2
55,2
74,2
51,1
85,2
63,1
79,5
51,0
82,1
27,2
20,4
98,4
15,2
97,1
95,1
88,2
7,4
52,3
41,2
30,3
36,3
13,3
22,0
64,2
42,4
61,5
104,2
102,0
89,3
41,1
68,3
12,5
12,2
93,2
73,0
30,1
99,1
31,3
28,3
5,0
39,1
90,0
13,3
101,1
83,0
34,3
85,4
14,5
8,1
57,1
82,3
34,1
9,2
95,2
88,1
83,4
3,5
61,5
71,1
16,4
73,4
84,1
59,3
63,0
56,2
51,1
18,3
61,1
18,1
66,1
79,4
80,2
35,1
12,2
21,3
79,2
66,1
26,5
96,1
15,0
29,3
104,4
33,2
85,5
32,1
51,3
18,0
87,1
84,2
30,1
93,4
37,4
62,1
83,3
41,4
79,1
68,3
41,1
76,2
55,1
19,2
23,1
8,1
102,1
87,2
77,1
10,2
30,0
10,0
89,1
42,5
30,3
32,2
23,3
11,3
27,3
83,4
70,2
95,4
68,1
102,0
50,4
44,1
61,5
86,1
55,3
45,4
62,4
98,0
34,5
101,3
103,2
44,4
97,1
24,5
106,5
48,4
31,4
71,5
26,2
80,4
3,1
89,0
43,4
72,1
31,1
90,2
89,1
10,2
97,5
79,0
50,0
23,2
86,1
46,4
72,2
26,4
31,4
15,0
15,4
40,5
16,0
34,2
48,2
76,1
62,5
98,4
87,1
95,3
26,2
5,0
12,3
17,2
7,1
40,2
46,1
71,2
62,1
38,3
14,1
8,1
42,5
35,5
88,3
50,5
85,2
86,2
16,2
12,1
54,4
24,1
100,4
3,1
89,1
6,5
79,1
14,0
20,5
82,5
27,5
76,3
50,2
104,2
26,2
24,5
51,2
58,2
19,4
93,1
90,1
58,4
69,2
104,4
19,3
106,1
102,2
22,5
19,4
105,1
30,0
106,0
104,4
52,3
7,4
92,1
94,1
46,2
57,2
23,1
27,4
95,3
5,2
99,3
47,1
38,4
6,4
10,0
79,4
21,0
78,2
38,0
52,3
7,5
51,5
54,3
29,3
56,2
15,3
71,5
82,1
56,4
91,2
77,1
93,1
66,5
100,4
11,0
86,2
90,4
97,1
7,4
43,4
8,5
31,3
80,0
14,0
75,5
17,3
16,3
67,1
63,1
67,1
2,0
18,2
62,4
30,1
71,3
90,4
94,1
75,1
11,5
90,4
19,5
99,0
51,1
83,0
59,2
20,3
10,3
91,5
91,1
31,3
61,4
87,5
82,1
71,2
84,2
19,2
27,3
19,5
96,5
41,0
9,3
19,4
3,3
25,2
37,1
39,4
47,1
43,4
73,4
81,2
91,1
37,3
25,5
70,4
35,3
27,4
66,5
36,3
80,0
86,2
22,5
57,1
13,3
49,1
17,1
87,1
77,4
23,1
94,4
67,5
83,2
65,2
3,2
50,5
105,4
83,4
87,2
60,1
27,0
16,4
15,1
30,2
74,3
36,2
92,3
60,2
60,3
97,0
77,4
17,0
22,2
82,4
87,5
21,5
78,4
59,3
50,3
95,0
53,5
23,4
95,3
84,3
80,1
30,2
95,1
91,3
9,2
33,5
72,2
51,4
55,4
90,3
57,5
83,0
42,2
99,0
72,4
53,4
22,4
29,5
45,4
72,2
11,3
22,1
85,2
79,1
42,2
41,4
39,0
26,1
37,4
36,3
42,4
50,1
101,3
50,4
36,0
54,3
10,3
69,2
23,1
9,1
97,1
94,2
38,4
39,4
81,2
69,5
93,1
65,3
10,4
57,3
75,1
92,3
64,3
21,2
49,0
28,1
100,1
33,3
19,2
18,2
11,3
18,0
12,2
75,1
29,2
69,4
80,2
87,2
100,1
9,4
62,4
96,1
9,0
36,0
84,3
42,0
29,2
58,3
86,4
68,4
86,1
96,1
8,2
65,3
38,4
33,1
97,3
43,4
66,1
82,5
98,2
16,1
80,1
60,4
13,2
20,1
38,2
88,3
77,0
95,1
46,3
9,4
87,4
100,4
80,2
40,0
47,3
61,4
59,3
69,0
80,2
58,4
13,0
37,3
82,4
88,0
37,3
100,2
35,2
57,1
8,0
50,4
64,5
11,4
57,1
100,3
54,1
12,3
74,1
39,3
102,3
40,4
32,5
25,5
41,3
46,2
38,2
22,5
31,4
53,1
69,3
83,3
74,2
33,2
32,0
6,0
34,3
60,3
27,1
64,0
23,3
44,2
75,5
30,2
33,2
70,4
61,1
29,1
22,3
64,4
103,4
21,5
1,5
4,3
72,1
26,4
81,5
32,3
41,1
90,1
83,3
51,3
35,2
13,0
68,1
7,5
43,1
19,1
33,1
35,0
66,3
69,2
94,5
69,1
83,1
84,0
55,0
86,2
36,3
79,1
60,0
70,2
10,1
17,4
24,3
35,1
54,0
63,5
47,4
85,1
5,2
31,2
18,3
39,2
24,3
22,3
23,4
15,4
99,2
63,3
68,4
27,1
3,1
83,4
51,4
44,2
45,3
80,1
44,5
43,4
35,1
8,5
54,4
29,4
42,5
44,0
31,3
11,1
89,3
91,3
23,5
14,2
19,4
81,5
58,3
20,3
75,4
67,4
27,4
33,1
44,1
22,2
60,4
93,2
88,1
50,1
103,1
101,4
88,0
29,4
21,4
49,3
84,3
57,0
98,4
32,3
53,4
104,1
84,2
94,4
36,4
78,1
48,2
90,0
97,3
9,2
101,0
107,1
32,4
68,4
71,1
87,2
72,2
42,4
102,4
54,4
107,4
95,3
77,3
74,3
104,3
72,4
10,5
8,2
77,1
29,5
77,2
50,4
29,2
103,4
48,2
28,3
103,1
54,5
82,5
49,3
68,3
15,4
90,5
46,5
71,2
24,3
105,1
102,2
6,0
92,0
30,5
3,3
79,5
84,5
32,2
103,1
67,1
83,5
86,4
19,2
28,1
71,3
40,4
9,2
33,1
28,4
21,1
75,0
31,3
39,0
97,2
56,4
58,3
89,4
63,4
70,1
88,4
59,0
13,4
58,5
70,1
85,2
17,0
48,1
98,2
64,0
29,4
103,1
9,3
14,1
80,5
66,5
50,0
17,4
65,2
17,2
75,4
61,3
33,3
23,5
67,2
57,2
86,2
34,3
73,1
29,2
76,4
8,2
93,1
63,2
55,1
93,3
59,1
12,5
49,1
65,2
34,2
60,4
22,1
51,4
59,3
68,2
16,2
73,1
15,0
54,0
34,4
96,2
82,2
41,0
30,4
51,5
96,1
60,5
8,4
71,1
30,1
91,4
5,2
89,2
21,2
75,3
56,2
37,1
86,3
73,1
76,0
35,1
95,4
79,5
49,3
103,1
34,4
23,3
63,1
90,3
40,0
57,1
33,1
46,4
105,2
58,1
47,1
81,0
46,4
6,3
22,3
21,3
76,4
88,3
100,3
31,2
86,4
13,4
56,0
57,0
27,1
13,2
91,1
26,5
68,1
89,0
79,4
25,2
97,2
91,1
44,0
23,5
4,3
27,1
85,2
52,2
51,5
37,4
106,3
19,3
15,2
91,1
101,1
78,3
95,3
52,3
89,0
71,4
89,4
21,5
54,1
100,5
41,2
57,4
30,4
55,4
80,3
12,3
58,4
50,4
43,1
15,2
19,2
28,1
83,2
14,3
13,2
91,1
24,3
29,1
82,3
44,4
30,4
76,3
99,4
91,3
29,5
50,2
88,3
58,0
10,0
25,2
3,1
103,0
61,3
79,1
89,2
87,2
68,2
46,1
96,5
85,4
18,2
65,2
43,2
84,1
33,2
36,4
63,5
87,1
42,3
89,2
34,4
36,3
55,4
49,3
10,1
88,0
25,2
4,0
42,4
44,3
107,0
72,1
55,0
95,4
45,4
57,2
30,3
94,5
71,3
92,3
73,2
41,1
54,5
75,3
42,2
30,4
85,0
90,4
80,3
32,2
87,3
4,5
16,3
84,3
11,3
71,4
70,5
62,0
57,2
36,0
88,1
23,2
75,5
93,1
70,4
76,3
43,3
89,1
23,3
60,3
8,0
97,4
23,2
5,2
10,5
67,3
96,4
48,4
78,3
101,2
101,1
16,5
40,3
100,5
58,0
72,2
46,2
64,1
10,2
76,1
91,3
21,0
99,1
68,1
86,0
17,4
9,5
28,4
57,2
69,1
80,2
73,2
8,0
42,3
81,1
79,3
43,2
90,5
31,4
95,3
91,4
20,2
63,2
37,4
12,2
11,2
104,5
33,4
91,3
74,4
7,1
102,2
55,1
58,2
13,5
79,4
33,2
104,1
52,1
100,1
18,3
84,2
57,0
14,0
27,4
42,1
49,0
84,3
57,4
44,3
26,0
82,2
22,3
96,3
27,1
71,2
94,0
29,2
43,5
51,2
43,2
95,4
13,1
60,4
65,4
23,1
34,2
67,2
72,3
41,3
26,3
84,1
74,1
57,2
17,4
33,2
26,4
67,1
15,3
14,3
57,1
98,3
23,4
75,5
51,1
100,2
42,2
83,4
24,5
61,2
55,3
20,4
48,4
15,4
56,0
48,3
97,4
21,4
57,4
66,2
47,0
84,1
86,2
98,1
57,1
77,0
51,2
35,2
97,3
15,0
12,2
39,3
57,3
85,4
86,1
104,1
80,1
49,5
75,3
11,2
97,3
41,1
77,5
85,3
48,1
19,0
10,3
82,4
51,4
57,4
48,1
92,0
6,2
16,5
68,2
70,3
13,5
40,4
5,2
7,4
21,2
83,1
19,3
71,4
31,4
17,3
30,1
68,2
98,4
10,1
10,1
75,0
96,2
40,5
53,2
106,4
92,5
70,1
28,4
7,0
40,1
83,1
40,4
16,4
22,1
42,2
64,4
95,1
58,1
75,4
58,2
85,2
30,1
83,3
30,4
60,3
75,3
91,2
47,4
89,4
53,3
67,2
48,1
32,3
45,4
33,1
35,4
22,2
71,0
96,5
69,5
8,3
54,0
46,5
91,2
16,4
73,4
74,4
89,2
45,4
103,1
91,5
7,4
81,5
62,2
18,5
98,0
47,3
62,3
49,2
22,3
33,1
41,1
106,5
50,4
68,2
67,4
40,4
91,5
53,1
84,4
71,2
15,3
49,1
18,3
28,2
79,1
64,1
10,3
93,5
66,3
15,4
38,3
34,4
65,1
78,2
14,5
5,3
37,4
79,5
90,3
101,2
83,2
3,2
101,2
84,2
83,3
52,4
63,3
89,3
29,2
44,5
55,3
33,4
43,5
54,0
72,2
29,2
49,5
89,4
63,4
83,0
77,0
17,0
100,5
107,4
76,1
101,3
41,1
40,2
22,4
98,5
65,2
23,2
99,3
66,3
47,2
102,2
43,4
30,5
61,3
23,2
80,2
43,2
63,2
53,2
20,0
43,3
70,5
99,5
46,4
9,0
87,4
12,4
98,3
75,3
31,3
30,2
17,4
67,2
35,2
15,4
12,1
83,5
57,3
49,4
74,3
23,0
95,0
94,1
22,3
15,4
88,2
103,2
63,2
50,1
27,5
95,4
27,1
31,0
38,2
41,4
66,1
22,2
27,4
58,4
74,5
51,4
42,5
24,4
94,1
24,3
61,5
95,2
10,4
14,4
106,2
95,4
82,1
18,0
65,1
34,0
13,3
36,3
80,2
64,3
103,0
42,4
94,4
80,3
25,2
54,1
85,0
28,5
49,5
5,3
84,4
84,1
38,4
35,0
61,4
90,0
14,1
69,2
41,4
91,4
102,3
23,2
49,4
47,2
40,1
98,5
74,4
82,4
90,2
76,4
25,4
10,3
99,4
65,4
94,2
69,4
59,3
80,2
32,1
33,1
28,3
9,1
86,2
23,5
15,4
89,4
30,2
32,2
31,5
93,3
73,1
10,1
56,4
37,1
16,1
89,3
84,1
18,0
4,5
59,1
14,2
19,3
82,5
9,5
84,1
89,2
39,0
106,4
5,0
2,3
97,4
44,3
51,3
69,4
3,3
18,4
37,4
100,5
36,4
63,1
21,3
63,3
99,5
21,1
38,3
83,1
2,4
23,4
93,2
22,3
59,1
24,1
79,0
49,3
74,1
17,4
17,1
40,2
60,3
52,4
54,3
13,3
12,4
14,3
49,2
72,2
15,2
76,2
22,4
5,1
74,1
97,4
36,0
33,3
19,1
66,0
13,0
58,4
78,1
90,0
3,3
19,1
63,3
58,4
19,0
57,1
4,3
60,4
45,4
87,4
33,1
62,0
69,3
65,3
79,5
84,1
50,2
96,5
84,4
97,2
19,2
10,0
34,4
67,2
73,2
63,0
32,2
44,1
52,0
64,2
51,3
33,4
32,3
35,4
29,5
75,1
76,4
97,4
86,5
45,4
16,1
81,1
98,1
38,5
57,1
44,2
79,3
35,4
28,3
76,3
38,0
88,5
68,4
72,5
10,4
53,4
34,3
70,1
68,1
96,4
88,4
97,2
26,1
78,2
51,1
104,3
95,1
26,1
79,2
59,0
41,1
80,5
97,2
49,2
52,3
71,4
75,4
74,4
63,1
79,3
38,1
9,1
101,4
63,5
99,2
55,0
42,1
50,0
15,0
68,2
66,3
66,0
24,2
61,2
75,4
20,1
35,2
18,2
24,4
16,3
53,2
77,1
38,5
5,4
18,4
81,1
51,0
33,4
29,4
97,2
14,4
74,2
67,0
84,0
92,1
71,3
47,5
65,4
36,2
19,5
40,1
66,3
76,3
69,4
63,1
83,1
18,3
7,3
6,4
93,4
77,3
98,4
22,4
84,2
21,5
74,4
17,3
5,3
34,2
69,3
29,2
45,4
17,0
50,3
51,2
58,0
63,1
25,1
95,2
96,5
97,1
96,1
79,1
15,0
31,1
20,4
73,1
51,4
47,3
97,0
101,2
74,0
66,5
31,2
12,4
10,2
61,0
34,2
80,5
46,1
96,4
52,0
25,4
93,2
64,4
70,2
55,3
94,3
25,0
59,3
11,3
7,1
19,3
77,0
59,2
39,0
74,3
31,3
38,2
59,3
6,1
61,4
80,4
98,0
66,4
32,1
71,5
92,2
79,1
26,5
31,1
36,4
88,3
92,4
39,2
59,1
79,4
38,3
76,3
42,2
79,2
21,3
37,4
20,1
77,5
61,3
40,4
87,3
81,0
60,3
35,4
64,3
87,5
31,0
16,0
14,4
25,4
99,1
27,3
99,3
61,2
97,2
65,1
59,1
21,2
13,4
4,2
32,2
12,3
69,5
62,2
17,4
30,5
8,5
0,3
10,4
25,1
75,0
65,1
43,2
47,5
89,5
78,3
43,4
47,1
100,2
41,4
69,4
95,5
22,1
18,5
43,2
74,3
10,2
100,5
19,1
99,0
11,0
17,0
5,3
40,4
55,1
35,0
61,0
30,0
27,5
43,3
61,0
41,2
72,1
7,0
91,0
85,1
19,2
101,3
56,0
38,5
2,5
77,2
7,4
102,3
66,2
13,3
29,4
98,1
16,5
26,1
44,2
79,4
48,0
52,4
19,0
46,5
17,3
45,3
13,4
50,4
0,3
51,0
44,3
82,1
50,1
69,2
23,3
25,3
11,1
11,5
28,4
53,2
69,3
47,5
23,1
94,1
85,4
39,2
49,2
55,4
22,0
104,0
62,4
78,1
36,0
90,1
67,3
23,0
39,1
22,5
46,0
42,2
69,2
102,4
44,1
60,1
98,3
63,5
78,3
18,5
81,1
6,3
70,0
51,4
92,4
37,1
77,5
58,1
37,3
90,4
26,2
14,2
5,2
30,2
29,3
22,0
64,4
98,4
71,3
60,5
42,0
45,5
22,0
76,4
56,3
31,1
15,2
59,3
71,2
49,3
79,2
12,0
72,1
98,1
19,1
102,4
94,3
46,4
51,1
63,0
14,1
72,2
7,1
72,0
67,5
25,3
47,2
8,3
93,2
39,1
29,2
26,1
91,5
36,4
69,4
32,5
30,5
77,1
79,3
55,2
91,0
32,1
64,1
55,2
68,3
52,1
49,2
17,0
16,3
28,3
94,4
41,1
73,3
45,1
43,1
9,2
58,1
94,2
6,3
76,5
12,3
36,2
87,4
84,0
34,1
88,2
39,3
61,0
21,1
87,5
11,4
64,1
75,1
108,3
32,2
35,5
55,0
86,2
32,0
4,4
93,3
60,1
28,0
26,0
93,5
48,1
6,2
20,3
84,1
24,2
49,1
98,4
71,5
22,1
10,0
31,1
12,4
80,3
54,2
96,2
52,1
65,1
32,1
22,4
94,2
53,2
16,1
48,0
49,2
104,4
12,5
16,3
64,1
23,3
75,2
66,0
78,2
22,4
15,4
30,4
81,4
83,0
16,4
46,5
68,2
85,3
34,0
76,2
25,3
60,2
76,3
23,3
54,3
37,1
83,4
14,4
18,4
30,1
27,4
23,4
83,4
94,0
99,1
75,4
95,0
96,4
102,1
37,2
42,3
10,5
56,2
47,4
90,4
56,5
21,3
67,3
32,2
15,0
59,3
86,3
60,4
76,4
57,5
63,2
82,2
14,2
79,5
27,2
23,4
42,2
49,1
107,5
79,5
89,3
71,2
81,1
52,2
60,2
55,4
43,0
67,4
80,4
6,1
55,2
47,1
18,2
8,2
9,4
39,4
101,2
4,3
47,1
82,5
84,0
97,2
59,4
13,4
92,1
46,2
99,2
88,1
41,1
93,1
93,4
88,1
93,0
6,0
78,0
48,1
10,2
77,2
94,3
51,4
79,4
26,4
22,2
19,3
70,1
34,1
37,3
15,0
14,4
59,3
75,0
95,3
17,4
44,2
5,2
44,1
15,4
19,1
88,4
6,5
42,1
98,5
15,0
12,2
92,3
10,4
70,4
96,0
34,0
69,2
41,3
41,2
14,1
17,1
44,3
79,0
44,1
46,4
67,1
32,4
65,1
16,1
43,3
57,4
52,2
87,1
59,3
27,0
75,3
52,4
83,5
11,3
87,1
75,5
72,3
100,4
97,4
92,2
38,2
50,4
82,4
34,3
22,2
11,4
54,5
14,1
31,4
39,4
20,1
54,5
18,5
56,5
68,4
73,1
96,4
80,3
94,2
46,0
14,3
47,3
15,3
88,3
22,3
65,0
82,4
48,2
41,2
63,5
5,3
71,3
85,0
42,3
17,4
3,0
72,1
26,0
101,2
50,3
68,2
11,2
73,4
18,3
78,3
27,4
38,2
92,1
42,5
90,4
77,2
40,2
34,4
76,5
41,1
47,2
27,0
99,3
42,3
101,0
65,3
95,4
30,2
60,3
66,4
37,2
56,5
11,4
67,1
44,3
40,1
13,0
89,3
82,3
81,0
99,4
50,5
64,4
24,5
15,1
25,2
45,3
35,3
38,2
59,4
71,1
40,4
3,4
26,2
17,1
15,2
86,2
55,1
87,1
83,2
18,3
16,3
12,1
36,2
45,3
37,3
46,0
28,3
96,0
85,3
58,4
51,4
86,2
65,3
25,1
72,0
81,4
25,1
74,2
16,4
92,2
69,2
12,3
93,4
25,4
48,1
64,2
103,2
31,4
82,3
42,3
10,0
80,4
71,4
98,0
49,4
24,4
89,5
74,5
83,3
74,4
95,2
25,2
89,1
37,4
53,1
36,0
41,3
50,4
95,4
45,4
85,2
58,1
39,1
99,2
66,5
95,1
28,0
108,2
49,4
102,2
97,3
62,1
62,1
82,2
38,4
100,5
60,0
11,5
73,1
14,1
49,2
4,2
43,3
30,4
21,1
45,1
9,1
79,1
102,1
87,5
1,5
5,4
101,5
17,3
32,4
14,4
75,5
60,4
30,2
20,2
21,4
88,2
77,2
16,2
17,3
96,3
84,1
73,1
33,3
84,4
93,2
58,0
49,0
32,1
31,4
88,3
78,4
32,1
14,2
34,4
84,1
65,0
47,0
82,2
65,1
29,0
20,0
106,3
12,1
24,4
40,5
100,2
26,1
26,5
88,3
51,3
12,4
72,0
82,2
30,4
50,4
35,4
81,2
93,5
98,2
22,3
106,1
30,4
32,2
34,3
87,2
90,5
13,2
70,0
38,2
80,3
56,0
79,0
108,2
60,3
97,3
100,4
11,2
36,1
91,1
55,2
65,4
63,2
33,4
37,4
43,3
99,3
56,3
38,2
11,3
59,3
8,1
11,4
54,5
101,4
72,4
35,2
23,1
100,3
24,3
75,1
101,2
9,4
21,3
72,0
32,4
103,4
39,3
74,3
98,3
10,2
87,1
23,5
13,3
21,1
4,1
53,0
68,4
46,2
39,2
32,1
64,3
3,0
40,0
97,0
14,3
52,1
91,1
0,0
42,0
33,3
67,4
60,2
30,4
35,5
4,3
93,2
6,0
12,5
102,1
37,0
46,1
28,1
8,0
90,2
89,5
56,4
5,2
91,3
32,1
53,2
97,2
36,3
92,1
8,3
46,2
14,3
11,2
34,1
78,4
79,2
43,1
53,1
19,3
52,1
11,2
71,4
5,4
51,4
37,0
104,4
24,4
64,4
77,5
35,1
26,0
40,2
5,1
38,3
17,1
70,1
74,5
7,3
21,2
97,1
9,4
79,5
13,4
25,4
58,2
8,2
93,1
47,4
54,2
62,3
83,0
84,5
64,1
46,1
36,3
70,5
100,1
83,5
98,3
31,3
69,4
73,3
67,2
84,0
16,0
71,1
53,5
3,2
39,4
51,1
107,3
22,2
82,5
21,3
69,2
95,1
53,4
75,2
45,0
49,1
39,0
93,3
34,2
35,5
74,4
73,1
65,1
10,3
69,3
15,4
12,3
59,1
79,4
90,1
17,1
7,4
16,0
51,4
45,3
69,1
10,4
46,2
82,3
55,3
55,4
14,1
44,5
82,1
92,4
66,2
103,1
91,4
70,5
42,2
89,2
33,3
67,4
106,2
91,1
78,2
4,5
29,5
28,3
11,4
44,4
19,1
51,1
69,1
87,1
90,5
10,5
46,5
63,3
90,1
37,3
54,4
88,3
90,2
56,3
6,1
3,3
16,4
89,1
39,1
74,3
47,3
41,0
97,4
67,1
57,1
42,4
68,2
60,2
61,3
71,3
59,2
95,0
97,0
40,2
80,3
60,2
15,5
100,3
49,3
76,1
41,5
29,3
92,5
16,3
3,2
19,5
38,1
49,3
18,1
35,2
63,0
82,4
24,0
75,3
73,4
48,4
51,5
53,4
34,2
35,0
81,4
77,3
92,4
54,5
38,2
90,1
44,4
39,5
102,4
47,1
8,3
32,4
70,1
54,4
62,4
64,5
87,1
26,4
33,1
9,4
35,1
38,3
72,2
34,4
96,4
11,1
52,3
4,3
12,3
55,5
89,1
9,2
35,4
60,2
51,2
3,2
94,2
78,1
50,4
82,4
20,4
88,2
60,1
47,4
26,1
94,2
9,1
66,1
52,2
36,0
71,0
51,4
105,0
50,2
15,1
67,3
15,0
70,1
8,0
58,2
54,2
49,1
61,4
30,4
10,2
77,4
67,1
99,2
77,4
42,2
67,2
15,4
47,1
26,3
97,0
37,0
60,1
19,4
61,4
47,1
36,0
54,1
84,1
46,2
88,4
5,4
54,4
68,3
57,1
23,5
86,4
80,3
28,3
68,1
64,2
60,2
51,1
27,0
7,2
49,3
46,3
10,4
76,2
12,1
36,4
19,1
20,4
78,3
16,3
14,4
21,0
78,3
66,4
16,3
29,0
15,5
49,5
9,4
20,3
64,4
8,5
42,0
41,3
14,4
98,1
58,3
25,0
76,3
65,1
69,1
61,2
55,4
56,4
37,2
78,5
74,4
55,0
7,2
33,4
47,2
66,4
53,1
22,4
18,2
65,1
99,3
93,4
55,3
13,5
38,2
82,0
73,0
21,4
44,0
13,2
21,0
106,1
63,1
18,4
19,2
90,1
16,2
11,1
11,3
88,3
52,4
83,1
60,3
100,5
75,3
45,3
93,2
93,1
10,4
66,3
68,0
24,3
32,1
54,1
22,1
61,4
65,0
77,1
41,2
89,4
32,4
90,2
83,1
38,4
91,1
60,0
64,0
75,2
43,2
42,4
6,1
26,1
34,4
15,3
53,2
24,4
34,4
34,2
75,4
36,1
94,2
47,2
34,5
4,3
91,3
80,4
18,1
72,1
45,0
23,4
20,4
46,3
7,1
11,4
26,5
76,3
23,3
13,4
55,4
95,3
83,3
39,2
12,3
14,5
97,3
84,2
71,4
16,3
102,3
44,2
81,5
50,2
49,5
69,3
58,1
12,2
74,1
74,1
32,4
58,3
63,4
42,3
11,1
78,4
30,0
73,2
78,3
12,2
69,4
10,3
41,3
89,0
52,1
44,2
69,4
8,3
30,3
8,3
74,0
16,1
38,1
89,3
49,5
65,1
70,1
74,2
47,2
30,0
102,2
49,3
69,2
58,0
31,1
44,0
19,0
102,2
91,3
26,4
61,1
63,2
31,2
45,1
92,2
86,2
12,0
68,3
86,0
36,0
9,4
96,3
105,4
18,4
33,5
14,3
61,4
30,3
14,3
79,2
99,3
45,3
47,0
98,0
94,4
93,5
40,2
29,4
15,0
49,5
51,2
54,2
68,0
75,1
67,2
73,4
57,5
21,1
49,4
91,1
91,2
62,4
76,3
97,3
14,2
39,4
22,1
99,0
3,3
97,4
44,2
58,3
74,1
40,1
102,4
46,4
93,5
23,2
12,3
53,4
47,4
46,2
51,1
62,0
34,0
69,3
60,1
39,2
101,1
91,2
85,5
45,0
89,1
57,2
12,1
44,0
68,1
78,3
24,2
50,1
100,3
33,3
56,1
60,3
20,1
59,1
31,4
91,3
62,1
34,0
65,4
61,1
41,3
87,5
98,0
51,2
42,3
63,1
65,3
55,3
18,1
55,1
36,4
52,3
19,2
24,3
31,5
26,2
101,4
4,4
72,0
49,3
41,3
71,5
37,1
93,2
73,3
41,4
16,2
74,2
60,4
23,3
23,2
58,4
94,1
73,4
101,0
56,2
33,3
35,2
106,2
65,3
36,0
20,4
9,0
99,5
50,3
94,4
12,0
90,1
11,1
65,2
61,0
11,0
76,3
12,4
62,2
23,4
60,3
42,2
19,4
12,1
96,2
60,5
56,2
77,4
41,0
102,3
8,1
68,1
10,3
71,1
10,1
26,1
55,1
5,3
22,5
16,3
82,5
97,1
81,4
62,2
9,2
81,2
62,4
101,1
7,1
63,4
11,0
0,1
77,1
40,2
6,1
24,3
72,2
23,4
71,0
71,3
71,5
61,1
42,1
61,1
85,3
95,3
101,2
34,0
75,1
67,4
34,2
26,1
53,1
20,3
55,3
42,3
40,4
57,1
63,2
46,2
41,5
27,4
45,0
98,5
22,2
23,5
91,4
35,4
33,0
12,2
94,0
15,3
11,0
7,4
53,5
13,3
75,1
37,1
56,1
79,1
23,5
63,3
96,2
77,1
23,1
93,3
24,2
9,4
62,5
5,4
2,2
15,1
73,3
30,4
22,2
83,3
82,3
92,1
37,4
92,3
78,2
82,3
84,0
19,1
71,4
20,1
75,1
101,0
12,0
77,4
37,5
26,4
27,3
86,4
72,2
88,1
40,3
68,3
21,3
78,0
9,1
51,2
10,2
35,0
46,1
55,2
44,4
5,2
76,3
6,4
17,4
32,2
100,4
51,3
28,1
89,1
3,3
64,5
91,4
92,2
70,1
15,4
49,3
66,4
10,4
29,4
70,3
26,2
55,2
58,2
90,1
82,2
31,0
2,3
87,2
9,4
17,3
34,1
34,5
74,1
36,2
55,1
60,4
80,1
12,5
33,1
87,4
33,1
49,2
9,1
71,3
93,1
9,3
58,1
68,4
96,0
51,4
49,3
95,3
30,1
78,5
26,3
102,4
16,3
20,2
16,2
46,3
31,4
27,4
82,0
40,0
1,2
90,1
96,4
35,4
41,2
83,2
71,2
81,0
78,1
89,3
93,3
42,4
45,3
63,2
37,5
35,1
79,3
23,4
42,3
5,1
43,2
40,4
9,4
42,2
61,2
105,4
2,2
10,4
18,3
12,2
62,2
21,5
99,2
47,1
53,3
1,2
61,0
59,1
87,3
77,5
67,3
71,4
98,1
21,5
64,3
37,0
89,2
89,2
30,4
41,3
38,2
8,4
31,4
39,1
58,5
78,1
32,2
99,4
14,5
51,2
29,4
68,1
47,3
8,1
63,2
81,3
80,0
55,2
29,1
16,3
72,2
41,4
10,2
81,1
40,4
48,4
43,0
84,5
32,5
62,1
60,5
44,1
33,4
88,1
64,5
32,4
75,0
71,3
23,3
73,3
70,1
80,2
97,5
88,1
10,5
77,3
42,0
45,3
63,2
6,5
9,2
84,5
47,3
58,2
86,3
51,3
70,4
49,1
47,0
36,1
11,4
75,2
47,2
99,2
68,1
53,2
75,1
42,1
38,3
5,3
56,4
42,3
44,5
49,1
80,3
42,4
50,2
81,2
94,1
44,0
83,3
51,4
93,3
72,1
69,1
50,0
9,4
24,5
29,4
45,1
90,3
100,0
82,3
13,4
88,3
101,4
59,2
65,4
32,1
90,3
16,4
74,4
43,2
35,3
49,2
70,0
84,1
77,4
60,2
89,4
75,4
55,4
16,4
62,2
92,2
92,1
77,3
24,3
45,4
72,3
104,2
86,5
28,3
11,2
51,2
75,4
98,0
34,0
29,0
81,2
75,4
99,0
7,2
39,3
42,3
45,3
59,4
98,4
86,3
63,3
80,0
57,2
54,3
96,5
8,4
61,3
55,3
22,4
24,2
60,2
89,4
69,5
21,5
59,1
29,5
48,3
85,2
71,1
15,2
100,2
27,1
97,1
91,2
65,0
10,1
21,3
15,2
47,4
78,2
9,1
71,5
92,3
50,1
102,3
88,4
21,5
70,4
53,1
8,3
45,2
23,4
59,0
44,5
35,2
30,2
83,2
39,2
2,4
86,2
38,1
41,3
3,5
37,0
43,4
95,2
3,2
103,2
60,0
53,2
43,2
83,3
46,5
55,1
92,2
48,3
98,2
74,2
47,3
46,4
20,5
88,0
36,3
31,5
59,3
94,2
65,2
93,1
82,5
40,1
78,3
17,3
72,2
47,5
90,2
46,3
95,1
23,0
20,4
4,2
52,1
61,4
52,3
18,2
38,3
49,1
45,3
13,1
34,4
30,3
51,4
57,2
22,4
14,1
45,3
69,2
97,2
72,0
23,4
98,3
9,0
14,3
72,0
75,0
48,3
81,5
80,1
40,1
26,1
96,2
57,2
31,0
43,2
7,5
79,5
54,2
44,0
27,1
35,1
28,3
22,0
39,3
102,4
88,5
94,4
102,1
93,2
49,3
84,5
23,5
98,0
33,4
52,0
20,2
87,4
14,0
20,0
72,2
79,0
64,1
61,2
41,4
48,5
91,4
67,4
36,4
87,3
49,0
52,4
72,0
5,3
48,1
97,4
77,2
40,0
93,4
28,4
8,5
40,1
74,1
48,3
38,1
97,5
94,1
47,5
73,0
59,3
80,0
97,4
2,2
24,2
90,1
94,2
94,2
72,2
25,3
83,5
102,3
64,1
73,5
101,4
36,0
72,2
58,3
65,5
10,1
26,5
71,3
79,2
70,4
68,2
78,0
33,3
53,1
44,1
5,4
37,1
4,4
63,3
50,4
18,2
25,4
59,4
71,5
13,3
11,1
91,1
44,3
2,4
32,4
33,2
38,3
89,3
94,3
26,2
99,5
60,4
34,2
70,1
69,4
99,2
87,1
48,3
8,5
11,3
57,0
81,2
67,4
62,2
86,2
59,5
83,2
94,2
88,3
103,2
67,3
76,2
84,1
16,2
89,2
45,3
87,0
32,4
35,3
84,4
3,4
5,0
45,3
66,2
65,2
27,1
63,4
101,1
54,3
30,0
85,2
82,5
27,4
67,1
22,3
87,5
15,0
23,2
45,3
47,3
37,2
75,0
106,1
88,4
63,0
50,3
38,1
98,4
92,4
72,5
81,1
90,3
42,1
35,4
51,1
53,3
59,0
12,4
23,1
84,2
27,4
40,4
101,2
9,4
54,5
86,2
101,3
7,0
35,3
62,4
94,4
69,2
102,3
66,1
73,3
83,3
80,4
50,4
70,5
62,1
44,5
21,3
37,3
90,4
94,3
102,0
68,3
7,3
97,5
55,5
10,2
69,3
45,2
65,2
57,1
61,4
93,0
68,0
11,2
68,0
78,4
28,2
88,1
91,3
81,1
69,3
46,3
39,3
62,3
32,4
90,3
21,1
65,1
73,3
79,2
89,2
75,4
28,1
79,1
70,4
52,0
17,4
82,1
50,3
90,0
69,5
94,4
12,5
59,3
93,1
56,3
63,4
56,2
58,4
23,1
42,4
54,3
70,4
90,5
43,4
69,2
38,1
12,4
87,3
38,2
101,3
33,1
97,5
45,4
28,1
73,1
59,5
29,3
59,3
32,2
69,2
104,1
55,5
37,3
34,0
83,1
76,0
83,3
97,5
14,0
60,2
31,2
39,2
49,0
29,4
41,2
12,3
79,4
47,4
8,1
99,4
92,2
54,1
72,4
22,4
3,4
22,1
91,2
92,5
67,2
45,1
21,5
48,2
84,2
41,3
29,5
49,2
58,1
86,5
68,2
15,5
24,2
27,0
76,2
10,3
40,1
12,1
72,0
27,5
36,1
89,1
66,3
39,5
90,2
79,1
3,5
17,3
89,4
68,4
67,2
27,0
47,0
84,1
19,3
40,2
60,4
90,4
42,0
44,3
76,3
74,0
27,2
38,3
86,4
70,1
13,4
42,0
12,1
28,3
16,4
92,1
70,3
28,0
51,1
10,4
43,2
42,4
26,4
48,3
64,4
13,3
73,3
100,0
41,1
38,2
87,2
29,1
32,2
75,1
24,4
52,2
40,0
25,4
18,1
4,1
72,4
34,2
43,2
41,2
9,4
27,3
57,3
38,3
55,2
12,2
22,4
33,5
31,4
59,2
94,5
20,4
89,5
45,1
35,3
10,5
63,3
73,2
61,2
20,1
93,4
71,5
66,4
14,0
51,1
99,5
89,3
3,3
72,2
21,2
33,3
94,1
56,3
71,1
28,4
56,3
61,4
30,4
86,1
25,0
18,3
72,0
44,5
9,1
63,2
56,2
0,4
64,3
21,2
14,0
53,1
82,2
52,3
8,4
23,0
16,2
70,2
24,0
74,3
62,4
3,2
33,3
65,2
78,4
94,1
30,0
26,5
27,5
50,4
5,0
9,3
98,0
69,2
91,3
99,4
76,1
82,5
68,1
75,1
85,0
92,4
9,4
44,1
60,3
7,4
31,1
36,2
14,1
48,0
77,5
92,1
79,0
30,4
71,3
86,2
70,3
44,1
32,3
37,4
90,1
78,2
91,3
73,5
46,4
0,2
46,2
65,0
17,2
63,1
52,2
11,4
9,1
84,3
24,2
52,2
76,4
73,2
45,1
41,2
17,4
51,2
19,2
67,1
9,0
85,4
54,2
65,4
42,5
3,1
41,4
44,5
15,2
45,5
12,0
10,0
79,5
43,3
40,3
71,1
73,1
87,2
37,3
88,2
101,1
36,2
41,1
49,2
10,4
21,3
54,2
29,5
17,4
91,4
13,2
37,1
9,5
60,2
72,4
99,3
96,1
51,5
94,0
26,3
87,5
77,1
42,2
4,2
50,1
78,4
33,4
68,3
46,5
78,1
100,4
82,3
17,2
64,2
10,5
105,2
99,2
17,3
33,4
63,0
65,1
37,4
95,2
5,4
34,3
84,0
92,4
74,2
78,0
50,2
27,1
64,1
7,2
96,4
26,3
68,2
99,2
66,5
103,5
40,4
95,2
101,5
26,2
91,5
26,5
77,2
12,5
91,3
26,3
67,5
12,2
62,2
83,4
25,4
31,2
93,3
76,4
27,1
67,0
14,0
82,3
64,5
48,3
70,3
45,2
79,0
68,5
92,4
34,2
86,2
51,3
22,0
4,4
90,2
80,2
12,3
67,2
72,2
62,2
44,3
101,2
12,2
97,1
64,0
53,5
80,3
69,2
91,1
47,3
58,3
23,3
17,1
61,3
9,4
73,3
57,4
14,2
32,5
34,0
103,2
101,1
12,2
69,4
64,5
79,4
63,1
64,3
100,3
101,3
41,4
48,3
94,0
10,2
16,2
60,4
102,4
19,1
25,1
36,3
82,4
61,4
62,1
69,4
70,4
104,2
71,4
59,4
23,2
6,4
11,2
6,3
103,1
50,4
51,2
87,2
51,4
45,2
15,5
101,1
92,1
59,1
61,1
55,1
34,3
14,4
92,2
39,1
92,4
20,4
10,1
25,5
65,2
103,5
89,4
41,4
62,2
74,3
36,3
22,1
23,4
41,5
77,1
10,2
97,5
99,2
56,0
61,4
12,0
83,3
36,1
14,0
39,1
62,4
47,4
26,1
60,3
33,2
60,3
46,0
99,0
16,1
57,4
39,1
73,0
14,5
33,2
38,1
46,2
31,2
19,0
18,4
31,4
29,3
16,1
91,5
30,4
10,4
75,1
39,1
61,1
78,1
87,3
67,0
31,3
57,4
57,4
107,4
50,2
42,4
22,3
99,0
77,3
21,0
73,1
49,2
29,5
16,0
63,4
55,0
40,2
40,4
64,3
66,3
2,4
21,1
51,5
62,3
17,3
55,1
24,4
75,2
42,4
94,3
50,1
90,5
97,2
102,3
60,4
92,3
88,1
41,4
15,5
33,3
10,0
31,1
49,4
84,1
25,1
42,3
95,2
73,3
3,5
28,0
55,1
87,2
6,4
101,4
20,2
90,5
31,1
44,1
80,1
10,2
85,1
64,3
14,1
6,0
76,1
98,2
8,1
42,5
103,2
100,0
67,4
60,2
58,4
23,2
35,3
40,3
75,2
51,5
20,1
8,4
96,3
86,1
50,2
98,2
22,1
58,4
17,1
59,5
75,1
69,4
102,5
26,1
75,1
30,0
97,2
100,3
71,5
79,4
54,2
49,3
81,1
46,3
18,4
31,4
21,3
64,4
73,3
67,2
61,3
41,4
89,1
67,5
11,1
34,1
104,4
69,2
32,2
30,4
58,0
14,1
49,1
54,1
91,1
43,0
27,2
107,3
45,0
77,4
12,3
48,2
35,4
64,2
89,4
82,0
24,1
80,0
79,5
92,3
55,2
70,1
94,3
38,1
66,0
25,3
86,0
33,1
49,2
30,1
9,2
15,4
104,2
92,2
103,3
86,4
43,3
92,2
13,4
65,2
100,3
53,5
84,3
36,3
11,2
13,1
30,1
100,1
93,2
54,5
24,4
58,3
39,1
72,0
56,3
40,3
18,2
79,2
46,0
59,4
12,3
101,3
19,2
28,2
58,3
84,1
7,4
103,1
75,0
108,2
47,2
87,1
102,4
101,1
94,2
25,1
90,3
49,1
79,2
42,4
88,1
55,3
19,1
8,3
83,3
32,3
82,5
29,4
78,1
29,3
1,1
75,4
61,2
18,1
31,5
92,2
63,5
96,3
68,3
13,2
82,3
47,4
94,2
74,1
32,3
9,4
59,1
8,5
96,3
41,2
9,2
72,2
101,3
85,1
64,5
92,0
80,4
33,5
97,1
62,5
4,3
88,0
16,0
53,0
82,0
78,5
22,4
63,1
85,2
60,4
53,3
32,3
5,0
72,2
84,3
15,0
90,3
76,3
16,4
13,4
61,3
5,1
74,4
69,1
83,3
32,4
58,1
36,2
31,3
81,4
83,2
36,3
18,1
89,4
75,1
106,5
65,1
28,1
69,1
58,4
64,2
9,1
53,3
57,2
66,0
64,1
80,3
61,2
27,2
49,0
12,1
49,4
40,1
76,3
92,2
31,1
53,0
8,3
89,2
4,2
37,1
47,3
47,3
52,5
106,1
14,1
51,3
36,1
13,2
96,4
81,4
39,0
65,1
80,4
67,0
1,2
96,3
11,5
72,0
15,3
31,3
20,4
8,4
74,1
74,4
51,2
107,3
22,3
36,0
41,3
79,1
54,4
107,2
74,2
67,2
14,5
39,5
33,1
89,3
20,1
61,3
93,4
98,2
70,1
99,1
49,4
89,5
31,0
15,5
38,5
37,2
31,1
79,3
17,0
32,2
35,5
38,4
42,2
86,1
70,0
21,4
8,1
14,4
4,2
67,3
89,2
71,1
82,3
12,4
102,5
75,3
42,3
38,5
20,3
51,3
31,5
74,4
8,4
56,2
98,2
92,4
76,3
25,4
22,1
24,4
93,4
55,3
43,5
63,3
41,2
60,4
99,2
88,4
16,1
29,1
65,3
15,4
35,4
32,2
82,2
64,4
75,2
89,2
92,5
99,3
59,3
93,1
96,5
90,2
94,2
99,0
28,3
78,4
13,3
26,3
95,0
41,5
78,1
40,3
77,2
46,4
28,4
34,1
25,2
6,2
40,3
35,5
47,2
4,2
21,0
27,3
83,3
105,2
21,5
73,3
93,2
64,0
99,4
9,2
36,4
57,2
69,1
51,1
0,4
54,4
56,1
92,1
101,1
47,3
43,5
35,3
33,1
101,1
27,4
55,1
20,1
90,3
88,4
78,1
94,3
42,4
26,1
8,3
48,0
54,0
35,4
70,4
26,0
89,5
97,1
80,4
89,4
85,3
86,4
16,2
57,1
28,2
72,2
7,1
70,1
44,2
65,4
48,1
17,5
13,1
53,1
40,3
88,0
82,4
76,4
53,4
49,0
8,4
0,3
33,4
21,3
28,3
19,0
31,3
64,4
63,2
89,4
96,5
10,1
106,3
105,3
78,1
91,3
35,2
90,2
40,3
70,0
41,2
101,3
38,2
7,4
93,4
59,3
38,4
11,2
81,3
35,3
80,5
51,4
98,0
32,2
44,4
28,5
18,1
18,5
27,4
66,3
77,4
70,3
96,3
21,4
77,3
41,0
64,2
47,3
75,0
98,2
98,3
74,5
107,0
36,0
67,3
45,2
88,5
45,0
66,1
30,3
99,5
35,2
88,4
84,1
35,4
11,2
95,2
77,4
97,1
71,3
25,1
95,1
41,3
81,5
98,1
74,1
69,1
87,5
80,2
97,3
13,4
29,5
42,5
22,4
35,4
40,3
1,4
58,2
52,5
53,3
54,2
68,4
21,5
105,1
97,1
19,3
47,1
74,1
84,3
37,1
60,5
53,5
70,2
84,2
57,3
13,5
83,2
45,1
86,1
36,4
7,3
99,2
49,0
102,1
13,4
70,0
10,0
12,4
70,2
68,1
104,5
88,1
97,5
35,3
23,0
95,4
58,4
32,2
58,4
12,2
3,2
88,2
16,1
82,3
9,3
92,2
77,3
38,3
9,2
64,3
79,5
26,5
42,1
11,1
27,1
27,5
15,4
40,2
18,1
69,1
89,4
65,0
13,5
68,1
66,4
6,1
25,0
96,2
99,3
104,4
4,2
79,2
21,3
45,3
96,5
77,3
78,1
17,5
92,2
80,4
21,4
55,2
91,3
88,5
98,1
74,2
51,1
95,3
18,4
31,0
16,3
25,5
7,2
30,5
61,2
52,1
41,2
36,1
15,0
44,5
60,4
24,1
63,2
55,3
97,4
75,2
52,0
101,4
17,2
74,0
104,5
35,0
47,5
25,1
81,0
95,0
87,3
65,1
10,3
17,4
65,2
94,2
80,4
20,2
13,3
58,3
17,3
73,2
49,1
87,4
66,0
69,2
15,4
48,4
42,4
46,4
33,2
78,4
80,0
31,2
86,3
106,2
44,5
65,1
81,2
91,1
32,3
34,3
50,3
62,2
78,4
102,3
76,0
13,1
50,1
95,2
25,0
72,4
77,5
38,4
56,5
16,3
47,2
70,4
53,2
98,2
23,3
71,4
77,1
44,1
70,1
97,3
32,0
68,2
31,1
58,0
91,4
100,4
46,5
74,4
84,5
98,0
35,1
94,4
85,5
55,3
92,4
47,4
57,0
46,3
73,3
106,1
33,1
40,5
15,1
92,2
72,1
79,1
67,4
40,4
51,3
40,3
100,2
106,1
66,3
40,4
68,1
34,2
43,4
64,4
22,0
101,4
58,2
69,1
34,4
74,4
43,1
51,3
10,2
75,0
32,4
12,5
6,1
92,1
32,1
93,2
14,3
16,3
26,2
47,3
33,4
86,2
90,2
15,4
21,3
95,2
67,1
75,4
53,2
30,2
69,3
68,3
58,1
29,2
62,0
73,5
24,2
82,2
40,0
73,3
5,5
23,1
100,0
16,4
96,2
103,2
95,2
62,1
77,4
71,4
46,1
22,1
44,3
80,4
2,1
53,0
73,0
45,1
30,0
33,4
41,3
104,5
52,2
5,2
63,2
37,0
20,2
100,4
23,4
7,3
69,2
79,3
71,2
19,4
14,3
59,2
29,2
15,4
51,2
14,2
7,3
23,5
16,3
31,1
53,4
99,3
43,1
45,4
2,2
62,4
61,4
52,0
31,1
49,4
93,4
28,1
71,3
77,4
12,0
8,3
79,2
28,1
64,3
92,5
50,4
52,1
77,0
36,0
16,2
10,4
102,1
9,3
46,4
29,4
53,3
97,3
47,3
96,5
78,3
65,1
61,1
70,2
78,1
26,1
19,0
19,2
45,2
97,3
60,5
82,4
14,3
26,1
39,2
37,5
8,4
84,0
44,5
76,4
66,2
13,2
26,4
19,5
21,2
86,2
37,3
15,4
54,2
14,3
34,3
12,4
95,3
77,4
104,4
25,2
20,1
72,3
60,4
87,0
64,5
42,4
96,3
77,3
3,2
31,1
76,4
17,1
22,2
51,1
79,2
84,2
62,3
82,5
61,2
43,2
54,1
77,5
63,2
43,1
33,4
46,2
46,5
13,3
91,0
37,0
92,4
20,0
86,1
27,3
42,3
79,5
18,3
29,4
67,1
68,1
98,5
34,2
39,2
80,1
93,0
65,0
34,4
64,3
32,2
98,3
64,1
71,1
27,3
92,3
100,5
11,3
58,4
28,4
87,4
26,1
90,1
55,0
42,5
89,3
86,4
57,1
45,2
17,1
53,2
95,0
87,2
91,3
7,4
64,4
35,3
36,0
93,3
73,5
47,0
30,4
85,3
80,4
81,0
31,2
38,1
14,4
35,1
11,2
58,2
35,3
32,0
94,4
72,3
72,4
29,2
31,5
16,1
61,0
58,1
71,2
88,1
15,4
71,4
99,1
7,0
41,0
66,2
30,4
36,1
44,0
17,1
73,4
27,2
13,4
57,2
73,4
37,3
12,4
34,1
63,5
86,4
51,1
88,4
68,5
54,0
67,1
11,1
20,2
80,3
60,2
73,4
40,2
12,0
41,3
77,2
82,4
89,4
95,5
74,1
10,3
89,3
87,3
75,1
95,1
101,4
66,4
80,2
62,3
88,2
103,1
53,2
103,0
86,5
34,3
99,3
47,1
73,4
11,0
83,1
96,5
30,3
8,3
61,3
74,1
88,3
4,3
97,2
50,3
54,1
81,3
85,5
92,1
74,2
91,2
39,2
103,4
44,0
97,3
52,1
7,2
83,3
58,2
35,2
94,4
12,3
58,3
92,1
80,1
61,2
40,5
55,2
104,5
64,1
70,1
66,3
61,4
26,4
15,1
68,1
12,2
44,2
103,1
61,1
15,1
57,1
85,0
65,4
32,4
78,0
64,3
38,4
50,2
33,2
31,3
26,3
97,4
98,1
26,0
39,3
97,4
94,2
86,2
8,5
70,2
20,5
74,0
52,2
92,1
46,4
2,0
59,3
76,2
30,3
69,4
57,2
27,4
14,4
20,4
30,2
60,5
45,2
73,4
72,3
53,3
78,3
54,2
80,1
34,2
17,2
32,1
29,5
24,3
83,0
100,3
66,4
63,3
91,0
30,2
24,4
79,4
39,1
102,1
61,5
68,2
67,3
94,5
47,4
103,0
40,1
62,2
68,1
31,2
60,2
62,4
57,1
88,1
55,5
73,4
35,3
95,1
28,4
95,1
48,3
6,3
57,4
94,3
35,1
28,2
42,1
16,0
14,0
73,4
71,2
9,1
25,4
64,0
80,2
74,3
98,2
99,4
53,4
5,3
11,0
100,1
98,2
30,5
57,0
67,4
81,0
86,5
29,1
89,3
100,5
92,1
45,4
14,2
25,1
56,4
39,1
11,0
87,4
21,1
65,4
46,0
30,4
21,0
16,3
103,2
53,2
100,0
52,4
91,3
24,2
46,4
75,4
64,4
22,5
9,0
67,3
16,4
22,0
41,1
78,3
9,0
50,1
9,2
33,5
92,0
17,4
99,1
16,2
23,1
57,1
51,0
68,3
75,0
31,2
95,1
20,5
64,2
3,2
62,5
43,1
104,2
46,2
23,2
15,3
32,0
68,3
35,3
76,1
72,2
73,0
64,4
30,0
8,1
84,5
98,5
47,5
101,1
72,4
7,4
25,4
70,4
48,2
15,1
73,4
59,1
16,1
48,4
25,3
68,3
73,2
75,1
78,3
28,4
68,2
70,0
80,1
97,3
73,4
43,1
46,1
25,3
77,2
73,1
34,3
43,0
88,4
78,4
92,3
25,2
38,4
34,2
14,4
64,2
11,1
65,3
69,0
10,3
32,4
15,2
87,0
76,2
13,4
5,2
80,2
28,2
68,3
77,2
87,4
20,3
17,2
68,0
69,1
98,3
11,0
99,0
56,1
59,0
84,3
2,4
73,4
26,1
31,1
37,1
96,1
21,0
53,3
11,0
71,0
40,1
36,0
85,4
37,1
22,4
69,4
43,0
55,4
88,0
28,1
47,5
14,0
69,0
46,5
36,2
15,4
76,2
59,0
22,1
72,4
21,5
50,3
26,0
48,0
45,3
50,3
47,4
38,2
51,2
52,2
5,0
18,1
15,2
57,5
58,3
13,2
33,4
43,0
26,3
7,3
46,4
40,1
91,4
86,2
72,0
14,3
37,1
17,5
73,0
97,2
56,3
89,2
50,0
30,4
90,1
73,2
23,0
46,0
32,3
73,3
92,1
30,2
51,3
83,3
41,1
8,0
90,0
46,2
53,1
70,4
20,2
18,5
47,1
25,2
6,3
107,4
7,1
60,4
3,4
43,4
33,3
90,2
96,3
71,3
20,0
46,5
13,3
72,5
20,1
97,3
69,5
63,2
2,5
22,5
70,0
81,3
51,3
29,0
69,4
27,2
10,4
75,5
42,2
71,3
104,2
4,3
46,0
12,3
18,5
38,2
93,1
82,1
60,4
38,4
87,3
97,1
9,1
75,1
41,1
47,1
102,2
32,4
30,3
16,1
98,0
102,1
71,3
69,2
99,0
73,5
17,2
22,0
83,1
66,2
43,3
102,3
92,1
76,4
82,4
28,5
12,3
35,2
92,3
97,3
73,2
85,5
39,2
78,1
86,3
88,5
85,3
103,5
58,2
13,2
68,4
27,4
73,2
44,4
48,3
18,3
63,2
65,1
90,3
85,2
104,1
100,1
10,3
48,5
30,2
58,1
28,4
83,1
100,2
27,5
16,3
14,2
77,2
21,2
90,3
72,5
10,1
14,3
12,4
14,5
11,3
57,2
31,4
46,2
99,4
28,2
15,2
75,2
49,2
35,4
86,4
31,0
65,3
26,2
59,4
21,4
52,2
70,1
58,4
31,0
20,2
43,2
51,1
46,2
24,3
27,0
77,3
45,1
40,3
3,1
16,4
26,5
77,5
32,1
76,3
87,3
93,0
69,1
56,1
55,3
32,2
32,2
24,4
70,2
34,0
80,3
14,1
64,0
60,1
26,4
54,5
3,3
12,1
44,1
104,5
82,0
8,2
72,2
15,4
98,1
13,2
89,0
10,5
66,1
48,2
82,1
85,3
80,3
96,3
53,2
107,1
55,3
30,3
3,3
15,2
32,0
21,3
49,2
98,1
24,4
103,2
57,2
80,0
67,2
55,2
75,4
90,2
103,3
51,3
95,3
41,1
26,3
20,1
68,1
60,4
17,4
97,3
28,4
67,2
94,3
36,2
13,2
11,2
38,5
32,4
13,1
51,2
45,2
1,2
28,2
93,2
51,5
99,4
95,3
94,3
93,4
73,1
101,3
90,3
49,4
34,1
49,4
97,4
13,1
55,1
43,1
88,5
102,1
5,5
65,3
30,3
88,4
90,5
12,3
40,3
95,3
61,4
16,2
13,1
25,2
84,0
55,2
18,2
51,4
8,1
41,2
93,3
99,4
41,4
4,2
32,3
80,4
86,1
30,1
104,4
30,1
89,0
88,3
84,4
40,4
26,1
37,4
20,5
61,0
62,3
93,2
71,3
73,1
76,2
47,1
85,4
27,4
12,3
38,1
35,2
87,5
69,2
65,2
86,3
82,1
21,4
83,3
26,3
44,5
58,5
88,1
43,4
68,1
103,5
104,4
76,5
31,1
88,2
63,3
58,3
64,0
36,1
48,1
103,3
14,2
80,3
96,4
41,0
51,3
17,1
97,3
31,1
96,4
66,4
52,1
22,4
4,1
32,2
16,3
4,5
61,4
69,3
86,4
5,4
39,4
41,4
97,2
53,5
49,2
11,3
6,3
13,0
48,3
75,4
44,2
13,4
66,2
30,2
68,5
16,1
70,1
88,3
95,3
12,3
20,2
97,5
15,3
101,5
26,0
13,3
31,5
13,2
98,3
86,2
5,2
79,4
85,2
59,3
19,1
95,2
39,3
32,1
15,3
50,2
30,0
61,2
99,1
84,5
9,1
15,1
42,3
43,2
8,3
42,4
60,4
77,2
41,3
75,4
64,1
63,4
55,3
71,3
41,1
94,2
99,2
87,5
52,2
21,4
73,3
85,3
88,2
27,3
65,3
39,1
17,3
43,0
66,1
101,1
36,1
98,2
90,3
89,0
36,3
80,3
13,4
70,3
79,0
63,3
99,4
51,1
38,1
36,2
37,0
19,5
100,1
78,2
57,4
80,4
56,0
22,5
90,0
27,1
35,3
63,1
55,4
17,3
38,1
63,2
16,5
21,3
10,3
22,0
37,1
78,1
75,1
6,0
70,1
72,2
88,2
93,1
87,3
52,0
74,2
62,2
78,0
100,4
32,0
32,2
72,3
68,0
31,2
55,4
98,5
62,2
66,0
22,3
93,3
46,4
36,2
50,4
19,1
72,2
95,1
105,4
14,2
46,2
66,3
46,3
64,3
60,5
17,1
56,4
50,1
54,1
73,1
95,3
99,1
92,3
54,1
89,2
85,1
93,1
56,5
92,3
50,3
67,0
10,5
101,3
97,1
86,1
55,3
98,3
13,2
33,3
5,5
62,1
102,1
53,3
33,5
96,4
42,3
99,1
23,2
20,4
79,2
95,1
39,1
62,3
71,1
81,1
16,3
53,1
99,3
7,1
9,4
86,4
24,2
38,2
44,2
43,3
103,5
86,2
20,2
75,2
21,4
34,5
51,5
45,1
87,3
55,2
90,3
41,3
6,2
32,0
89,3
101,2
90,3
81,5
28,2
61,1
33,3
31,3
30,4
67,5
14,1
42,3
67,2
79,5
21,0
72,4
87,2
66,3
70,5
86,1
91,4
56,0
1,3
16,2
16,3
39,1
17,0
79,3
25,4
23,2
41,3
50,4
33,2
69,5
99,0
25,2
46,3
42,4
100,3
60,1
79,4
67,4
37,3
78,1
49,3
54,1
38,1
56,4
15,1
48,0
35,4
78,4
60,3
72,0
105,5
94,2
10,3
64,1
88,4
18,2
82,5
98,5
79,1
61,1
29,2
25,0
62,2
76,3
73,2
93,2
52,2
57,4
36,2
84,2
55,1
71,3
18,3
27,5
64,1
78,4
81,1
36,2
42,0
18,4
37,2
35,3
20,1
96,0
66,4
5,5
51,2
31,1
61,1
86,2
60,0
19,2
95,4
80,1
30,5
31,3
61,3
72,3
22,3
66,1
64,1
42,0
69,2
16,1
24,3
26,4
36,2
105,2
19,2
26,4
27,0
62,5
12,5
27,1
103,3
87,2
70,0
62,2
80,1
22,0
13,3
103,4
99,4
94,2
6,2
54,1
24,4
66,5
14,2
98,2
81,1
44,2
52,5
99,3
80,4
2,2
101,5
84,5
24,1
48,4
75,4
33,4
31,2
103,4
68,5
76,3
58,3
75,5
60,1
19,1
16,4
14,4
101,5
101,4
31,2
59,4
43,2
87,5
43,2
49,1
101,2
32,4
77,2
78,0
18,0
22,2
9,5
40,4
72,3
40,5
11,2
72,5
54,4
56,2
70,4
69,4
81,1
66,1
46,2
87,2
76,0
17,1
75,5
94,2
28,4
10,4
84,4
13,3
65,1
98,1
30,4
32,1
97,3
31,5
78,2
32,3
64,4
39,2
6,4
75,4
84,1
68,5
42,4
31,4
54,3
69,0
36,4
103,5
7,4
87,4
32,3
33,4
69,5
94,1
17,1
79,0
16,3
52,2
21,3
27,2
25,1
88,1
7,1
43,5
57,2
76,5
29,5
94,4
31,4
23,3
100,2
79,3
92,3
71,4
95,3
62,3
13,5
93,1
48,3
24,4
78,5
6,2
83,3
62,2
102,5
58,1
50,1
98,4
48,2
80,4
25,5
46,2
41,4
35,2
42,4
60,0
104,5
65,3
43,1
49,1
19,1
60,2
15,3
59,3
72,1
66,2
47,3
13,0
89,3
69,4
45,1
26,3
20,5
41,1
43,2
99,4
37,3
37,3
100,1
105,1
35,2
33,3
16,0
100,3
54,1
26,5
14,1
44,3
44,2
30,2
50,2
51,0
97,3
107,3
38,3
33,2
44,0
91,1
8,3
20,0
24,5
34,4
2,4
7,1
79,3
27,1
87,3
69,5
29,2
63,0
17,3
57,4
72,1
31,5
76,2
42,1
35,5
71,2
13,4
41,2
10,0
76,3
45,5
74,3
19,3
65,4
90,0
28,2
33,3
48,1
54,2
49,4
107,5
57,1
100,4
18,4
53,3
6,3
80,4
28,2
16,4
94,5
73,0
32,4
95,2
74,1
31,4
50,3
41,4
99,2
99,4
88,1
57,1
88,4
103,4
38,4
70,4
70,1
30,1
50,1
41,3
51,0
8,2
70,1
13,4
19,2
17,2
92,4
71,1
35,4
25,1
84,3
10,1
51,4
63,3
50,1
8,1
73,1
23,3
37,1
28,4
19,0
42,4
39,4
11,3
15,2
37,2
68,4
40,2
73,4
37,1
71,4
88,5
59,4
61,4
71,2
90,2
53,1
35,5
43,1
90,4
42,3
40,5
47,2
89,5
35,1
90,5
9,3
7,1
33,4
5,4
10,4
77,4
15,5
89,1
76,5
69,2
35,5
39,3
40,1
70,4
53,4
62,2
67,4
61,2
35,2
84,4
76,2
13,3
28,1
54,3
14,1
42,5
52,2
76,4
56,5
51,4
61,1
90,0
54,2
54,4
80,4
98,1
29,1
45,5
105,4
50,2
62,1
63,0
101,3
99,4
57,4
52,2
97,1
85,4
3,0
24,2
68,2
82,4
73,1
46,1
53,0
47,3
14,3
51,3
44,5
42,5
91,4
101,3
80,5
22,3
27,2
13,0
44,1
23,5
75,2
57,2
77,4
88,2
44,1
27,3
69,3
64,4
28,1
21,1
33,2
90,2
76,4
66,5
74,3
61,4
17,4
93,1
15,4
8,4
92,1
69,4
2,3
24,2
35,2
95,4
21,3
4,2
36,3
100,1
63,5
76,4
71,3
26,2
49,4
18,3
81,0
16,3
34,0
82,1
66,1
45,2
32,2
15,1
16,1
92,1
26,3
82,4
97,2
59,2
93,1
65,5
12,4
99,3
35,4
75,2
13,3
19,3
14,2
102,1
43,4
103,1
59,1
51,2
23,0
17,1
18,3
42,4
16,1
39,5
70,4
39,5
36,4
73,0
99,3
100,1
49,2
37,1
53,2
83,1
36,2
48,0
11,3
6,4
48,2
90,2
93,1
60,3
57,2
3,2
53,4
30,2
97,5
48,3
51,3
47,2
86,4
79,3
60,5
90,2
93,3
103,4
15,5
81,2
97,1
81,4
76,2
73,3
69,0
57,4
100,0
25,0
26,1
45,3
14,1
23,1
42,1
62,3
30,5
86,1
43,1
51,1
48,0
12,2
33,0
26,0
6,2
61,1
27,4
10,3
31,3
97,2
100,4
100,4
85,2
56,1
47,4
31,2
66,3
29,2
40,4
46,3
76,2
92,4
103,5
43,2
1,5
72,3
75,2
68,0
54,5
90,2
16,2
90,4
11,3
89,5
64,1
52,3
65,1
85,2
48,4
69,5
20,3
39,3
97,0
18,0
54,1
40,3
32,1
96,1
101,1
62,1
15,3
89,4
24,2
74,4
27,0
39,0
75,5
47,1
67,5
58,4
86,4
26,3
78,4
46,4
39,3
37,1
16,3
31,0
103,1
50,0
101,4
51,3
88,2
44,3
80,1
40,2
36,0
63,3
39,3
96,2
63,4
37,1
36,2
87,2
22,0
65,1
23,3
79,3
89,4
101,3
61,2
35,4
91,5
7,4
92,3
6,1
19,4
32,5
9,2
10,1
41,0
81,4
41,2
61,3
33,1
13,0
58,3
58,4
53,1
82,1
24,2
101,4
83,3
71,4
38,4
80,0
91,2
45,4
6,3
66,2
23,3
22,4
76,5
12,2
68,4
8,1
61,1
64,0
57,1
71,4
102,5
7,0
17,0
60,1
14,2
21,4
11,0
63,2
11,0
60,0
18,0
39,1
11,4
105,1
62,1
8,5
45,4
17,5
48,2
22,3
57,4
61,4
7,0
25,5
21,1
24,1
33,5
69,2
98,1
12,1
57,1
15,3
14,3
36,4
101,2
77,2
49,3
55,4
12,1
33,3
37,0
18,5
14,1
9,5
84,4
79,1
61,2
4,3
42,5
3,3
59,1
46,2
79,1
59,3
92,0
26,3
38,4
71,3
14,5
87,1
24,2
32,0
86,4
65,0
55,3
5,2
58,1
75,4
92,0
43,4
103,5
88,1
54,3
47,2
34,3
80,4
75,1
74,0
65,1
43,3
14,3
78,2
42,4
25,4
80,1
42,1
41,1
67,3
7,2
90,2
95,2
64,1
102,4
81,4
42,2
64,1
83,1
32,4
36,2
7,5
94,2
10,2
35,0
64,0
75,0
7,0
3,1
80,4
16,4
71,1
35,3
41,1
35,0
29,4
92,0
71,4
26,0
98,3
65,1
67,0
99,5
49,1
14,5
97,4
52,2
33,0
99,2
48,2
33,4
61,5
42,3
36,2
22,4
94,2
103,2
16,3
24,4
35,0
45,3
22,5
39,1
9,2
53,3
13,2
32,3
62,2
60,0
53,1
52,2
11,3
85,4
88,3
19,5
62,4
86,1
40,5
42,1
95,2
82,2
21,0
39,1
15,2
40,4
14,4
54,3
19,2
54,2
49,1
13,2
77,1
75,2
37,1
71,5
59,1
90,4
103,3
40,2
65,4
39,2
59,5
36,1
30,1
45,3
8,3
20,0
60,3
100,5
89,2
37,0
26,0
79,0
11,3
56,4
20,3
32,4
33,1
36,3
31,3
85,2
77,1
88,3
22,4
59,3
83,5
18,2
91,1
49,0
39,0
24,5
15,2
73,4
85,1
88,2
96,0
18,4
75,5
22,2
28,1
51,3
9,0
67,3
67,2
55,3
43,3
34,3
91,3
89,3
104,2
78,4
56,2
55,3
41,0
52,3
83,0
38,3
71,1
26,1
82,4
38,1
58,0
80,5
87,0
32,4
18,0
72,3
16,3
70,2
93,2
53,3
67,3
38,3
81,3
51,4
100,3
75,1
98,3
62,2
105,4
65,3
24,2
8,3
77,0
54,1
39,2
79,1
52,2
76,3
47,1
58,1
36,3
89,3
102,5
12,4
83,5
63,4
64,4
49,1
5,2
61,5
82,3
28,0
100,3
36,2
13,3
61,4
24,0
48,1
53,2
74,1
16,1
12,4
97,3
36,4
100,4
47,2
81,1
47,3
41,4
102,2
64,1
80,4
24,3
71,1
101,0
12,0
51,4
74,2
56,4
31,4
31,0
79,5
82,0
58,2
59,0
71,3
105,2
85,2
77,3
31,1
46,3
12,2
5,3
99,3
99,1
50,4
91,4
35,4
67,2
86,5
76,5
77,5
98,4
55,2
45,2
54,5
16,2
35,1
74,2
81,4
22,2
40,2
75,4
49,0
25,4
16,1
86,3
27,1
4,4
67,3
37,1
104,3
23,4
51,1
52,3
66,0
26,3
71,3
62,2
17,5
42,1
73,5
26,3
49,2
48,1
9,4
93,4
75,4
89,3
19,4
61,3
73,4
83,2
5,5
96,2
86,5
79,2
93,4
29,5
68,5
14,5
61,5
96,4
19,4
50,4
57,3
74,1
78,4
50,3
41,4
8,1
52,4
64,2
65,3
31,2
11,0
91,1
88,5
36,5
31,2
41,3
84,2
88,4
22,3
73,4
67,5
58,2
12,1
85,1
65,4
97,3
97,1
28,3
105,1
26,5
9,2
50,5
65,2
50,4
80,1
93,5
3,1
32,5
48,1
67,2
21,3
61,4
17,2
27,1
73,3
97,4
106,1
48,2
99,0
103,5
50,4
68,1
61,2
76,1
81,1
28,1
8,4
17,0
48,3
86,5
12,3
50,2
85,0
30,4
85,5
15,1
6,4
29,4
25,0
33,3
77,2
101,3
10,3
32,4
46,2
99,2
81,5
7,1
27,1
11,3
96,3
19,4
55,4
49,2
95,2
53,2
91,3
46,3
27,4
39,4
76,0
96,0
67,0
52,4
28,5
11,3
26,4
82,3
26,1
82,1
16,4
29,5
57,2
55,2
54,3
90,4
20,4
33,0
76,4
35,3
40,1
47,4
94,2
80,5
62,3
11,3
86,1
50,0
87,2
37,2
95,3
88,5
52,4
17,4
88,4
45,1
50,3
29,4
49,2
34,4
50,2
99,3
7,4
46,2
77,1
78,5
74,4
41,1
19,0
12,3
104,2
61,1
32,2
86,5
66,2
96,2
95,4
103,1
15,2
103,2
56,4
39,5
98,4
104,3
19,1
34,2
23,2
101,2
69,3
102,2
97,0
60,1
101,3
68,3
51,2
23,1
12,0
96,2
8,2
49,1
8,2
69,3
23,3
90,5
58,3
15,4
55,1
70,4
20,4
63,2
4,4
30,4
34,3
52,3
41,5
21,1
78,3
42,2
76,1
11,3
65,1
66,1
76,2
75,4
26,3
96,4
71,1
5,0
74,0
50,2
83,3
48,4
70,2
43,0
79,2
96,3
5,3
25,3
41,5
45,5
45,2
75,4
82,1
38,4
44,1
42,1
39,0
50,2
84,0
20,4
57,3
50,2
97,0
81,3
49,0
53,3
22,1
68,1
55,0
44,5
99,4
56,4
1,4
103,1
60,5
99,4
35,3
50,2
3,5
19,3
28,2
93,4
20,0
9,1
102,4
37,3
38,4
91,1
82,3
32,3
20,5
49,4
22,4
41,2
93,3
38,1
26,0
66,2
53,2
9,2
95,4
84,3
91,2
75,4
64,1
26,4
57,3
60,1
30,3
7,4
96,2
101,5
69,1
13,4
34,0
24,2
0,5
84,5
40,2
35,3
62,5
96,0
56,3
61,5
98,3
6,4
75,1
40,4
38,5
77,4
87,3
75,1
64,4
34,5
11,5
87,2
99,1
62,3
28,3
43,4
3,4
58,0
79,2
8,1
68,3
27,4
18,4
61,3
76,3
60,1
29,2
98,0
83,1
63,1
57,3
57,0
71,0
35,3
38,3
74,3
102,1
39,0
11,4
98,3
52,5
106,2
72,3
32,1
14,4
62,2
103,3
98,3
60,2
73,3
21,0
62,3
70,4
7,0
87,4
40,2
28,1
7,0
60,1
97,3
97,2
106,2
97,3
50,1
36,0
92,2
44,5
66,3
59,5
81,4
90,3
51,2
33,1
58,5
8,2
52,4
15,0
101,0
27,4
8,4
81,1
79,2
41,1
21,1
50,1
43,1
21,4
64,3
78,0
10,0
55,4
65,5
73,4
89,4
60,5
61,2
27,2
23,4
98,1
48,3
35,3
103,2
39,0
35,1
50,1
82,3
94,4
43,0
73,4
91,4
39,4
19,1
64,0
23,3
101,1
98,4
83,4
106,0
77,3
67,4
92,0
59,2
91,2
54,2
62,1
69,5
92,3
72,5
72,2
81,2
61,2
23,3
51,1
90,4
23,2
25,1
62,0
6,0
10,1
24,1
69,5
56,3
54,5
71,1
25,2
99,4
53,1
64,1
64,2
58,3
13,4
84,2
68,2
76,0
87,1
21,4
66,3
57,2
95,1
33,0
48,1
72,4
81,4
51,1
60,1
62,4
52,4
98,1
59,5
50,2
51,2
101,4
24,0
71,1
75,2
25,2
2,0
56,2
54,3
89,2
46,5
4,3
29,4
76,0
8,1
42,4
31,3
26,2
80,1
49,1
22,3
71,3
56,3
67,1
97,0
31,2
20,3
27,2
4,4
79,4
36,4
65,3
68,1
44,2
7,3
71,3
80,3
100,5
22,5
16,3
107,4
81,0
69,2
37,0
36,4
6,3
102,2
3,1
23,1
41,0
102,3
6,4
38,3
88,4
12,3
64,2
52,1
86,1
41,3
87,4
36,3
39,4
33,1
107,2
11,0
35,1
39,5
75,2
63,3
93,1
6,1
80,2
25,2
44,3
87,5
22,3
73,1
64,3
25,5
24,4
100,1
63,5
37,4
52,1
25,5
48,3
102,5
76,0
49,2
82,5
8,1
94,5
66,1
82,1
73,0
60,5
34,3
97,3
45,1
44,4
57,0
94,4
28,4
28,4
84,3
71,3
92,1
59,3
22,4
102,3
86,5
52,0
65,0
78,1
10,2
102,2
56,2
19,4
1,4
49,3
22,2
82,3
102,3
33,5
83,2
46,2
80,4
9,2
17,1
104,3
29,5
99,5
53,0
17,4
49,4
81,2
55,3
72,0
86,1
37,3
47,1
14,0
21,3
6,2
85,1
15,3
32,4
24,1
43,0
35,1
47,0
91,3
21,5
32,4
100,3
85,2
32,2
51,3
39,2
32,4
23,3
34,1
56,4
57,3
85,1
34,1
84,2
72,2
79,3
10,4
78,2
87,4
90,4
72,4
35,3
64,2
66,2
66,1
81,1
98,0
79,1
54,3
43,2
54,3
12,2
86,1
18,1
83,5
93,2
24,0
72,5
76,4
19,4
53,3
100,2
7,3
69,2
41,2
12,4
63,4
8,2
42,4
31,1
94,4
57,0
90,1
69,4
102,0
54,1
5,4
29,5
92,4
22,4
28,3
42,3
93,4
78,4
76,4
89,4
100,1
60,3
47,3
69,3
43,0
8,2
19,2
6,0
94,3
54,1
42,1
79,4
81,2
33,3
90,1
76,0
72,3
40,4
38,3
4,3
14,2
75,1
16,0
32,1
27,3
96,3
30,2
96,1
31,1
82,1
43,2
52,0
16,3
57,4
44,1
68,1
101,2
18,3
61,0
35,3
54,5
80,1
5,3
35,4
15,5
33,4
48,1
3,1
79,3
88,3
29,3
88,0
20,2
60,4
79,3
19,4
21,2
104,4
61,5
16,3
54,2
65,4
17,0
43,2
55,5
37,3
40,2
106,3
46,0
10,1
49,4
27,4
64,0
44,3
9,1
55,1
70,5
56,5
35,2
72,2
96,3
27,2
44,1
29,3
36,0
62,1
5,3
64,1
59,5
11,5
97,4
37,4
20,1
27,1
94,3
83,5
28,2
11,5
50,0
100,0
41,0
18,2
72,4
95,4
56,3
33,2
84,1
88,5
39,2
25,4
84,0
83,1
15,5
42,2
17,4
46,0
95,0
56,2
92,5
42,4
16,4
58,3
54,2
98,1
69,4
10,4
79,5
42,3
39,4
12,4
39,0
78,2
61,4
36,2
69,3
53,4
62,4
77,4
38,2
42,3
19,1
14,5
34,2
19,2
88,2
101,3
47,3
42,4
99,2
19,0
61,2
73,5
27,5
44,5
46,2
21,2
79,0
40,2
13,2
90,0
8,2
88,0
94,2
17,4
23,1
36,2
56,1
24,5
89,1
18,5
90,2
90,1
97,5
18,3
45,2
103,5
26,4
83,5
94,5
86,3
99,3
28,0
103,3
94,1
10,1
15,4
99,0
41,2
67,1
75,2
87,2
26,3
94,5
69,4
69,2
101,4
92,4
29,4
77,1
92,1
35,5
40,1
66,5
34,0
36,1
83,2
70,2
53,1
13,4
18,5
35,4
22,1
94,5
60,1
44,4
84,3
59,1
57,1
17,2
106,1
93,4
25,4
86,4
60,1
97,4
40,4
50,2
102,1
25,5
24,5
12,0
36,2
28,0
31,0
87,0
75,4
25,1
56,3
40,4
54,1
8,1
61,1
47,2
99,4
93,2
102,3
6,5
38,3
107,2
93,4
23,4
16,0
39,3
93,1
10,3
9,4
96,3
36,0
97,3
51,4
97,0
91,2
85,1
60,5
107,1
31,2
49,1
6,1
97,0
9,4
42,4
92,1
10,2
89,0
12,1
48,3
57,1
31,2
28,2
92,2
97,2
15,4
29,1
32,1
100,2
6,3
98,3
63,5
79,3
41,1
33,3
26,1
106,4
55,1
62,0
72,1
19,5
82,2
17,5
30,2
96,1
22,3
56,5
68,3
50,5
97,3
38,3
91,3
92,3
19,0
43,2
54,1
53,2
21,3
33,4
79,1
81,3
72,0
49,5
74,5
53,4
95,2
102,1
42,1
41,5
55,3
98,1
66,1
59,3
84,1
28,3
18,1
35,2
81,3
26,1
18,3
3,3
22,1
25,1
36,1
22,1
79,5
38,4
82,5
33,4
47,2
74,2
78,3
94,2
85,2
99,1
94,4
92,3
29,3
41,5
0,1
19,5
41,1
30,2
52,3
106,2
47,5
81,3
32,2
20,3
32,4
9,1
39,4
77,5
41,3
64,1
99,0
96,0
55,2
99,4
71,1
43,0
67,2
56,3
63,1
41,2
79,1
26,3
21,2
19,3
13,3
105,0
10,1
45,3
97,4
5,4
100,0
31,4
90,3
59,3
31,2
104,3
51,3
105,3
27,2
101,4
20,2
21,5
44,1
31,3
74,1
9,1
57,3
84,3
84,3
20,4
106,3
103,3
4,3
14,1
91,0
59,4
97,1
15,1
96,4
81,3
8,1
64,3
24,2
88,3
63,2
1,1
7,1
16,2
30,4
83,4
95,1
77,4
70,1
99,1
35,2
79,1
74,2
85,3
59,3
4,2
20,1
74,1
65,4
23,3
35,1
90,1
21,2
100,0
71,1
18,4
34,2
40,1
57,1
57,2
53,1
7,1
77,2
91,0
56,4
74,1
30,4
62,4
63,3
79,3
26,5
22,2
90,1
51,2
57,0
41,1
23,0
11,0
74,3
81,5
98,1
72,1
57,5
18,5
59,2
81,1
9,0
83,0
42,4
82,4
12,0
44,2
11,2
94,0
76,1
19,3
86,4
44,2
96,2
4,4
8,4
77,0
63,1
27,2
61,1
88,4
97,2
103,2
87,4
43,4
97,0
34,1
95,5
98,1
65,5
11,2
97,4
31,2
16,1
5,2
56,1
26,1
96,3
23,0
85,1
68,3
97,0
79,4
73,4
64,2
51,2
17,2
13,1
62,1
66,3
51,1
80,3
44,2
35,1
56,4
48,2
50,2
74,3
49,4
97,1
48,5
43,4
97,4
79,5
9,2
95,3
29,0
44,3
11,4
20,2
96,2
23,2
49,5
30,3
21,1
83,3
67,2
84,2
24,3
62,0
20,4
82,3
67,0
72,4
86,4
12,3
71,0
75,3
28,5
51,3
85,5
17,2
2,1
79,0
28,4
10,3
91,4
47,0
54,2
59,5
50,3
29,0
74,2
43,3
79,2
73,4
22,3
53,2
3,5
53,2
96,2
30,4
37,2
80,5
58,4
38,1
98,0
16,4
46,0
39,0
52,2
96,2
10,2
47,5
84,5
27,3
19,1
14,4
59,4
89,4
42,4
102,0
59,1
66,2
91,4
87,3
97,4
12,1
59,2
21,4
38,2
49,1
21,3
98,4
63,4
54,4
5,2
66,4
92,2
10,1
50,1
91,0
18,0
49,2
18,0
100,1
18,2
70,1
10,3
58,3
31,3
83,4
64,4
49,2
51,4
91,4
34,2
53,1
12,4
37,2
43,2
48,4
102,2
21,0
23,0
58,4
64,5
19,1
10,0
21,3
70,0
46,2
40,4
12,3
99,3
32,1
37,2
97,3
96,4
82,4
15,1
24,3
69,2
63,3
56,3
108,3
101,4
17,3
55,5
47,3
98,5
69,1
77,0
17,4
49,3
73,2
56,4
6,2
48,4
11,3
54,3
96,1
33,4
57,5
52,5
95,1
42,3
69,0
94,0
31,5
82,4
48,1
30,4
60,4
53,4
95,3
97,4
51,2
65,1
27,4
23,4
66,5
13,3
94,5
42,1
41,1
13,1
101,2
22,3
10,2
46,2
81,1
38,4
89,4
100,5
55,1
59,2
78,0
50,3
47,4
59,2
89,1
33,3
92,5
48,5
23,4
22,4
91,5
88,2
61,2
101,3
92,4
35,0
15,1
106,4
77,1
15,1
92,1
21,2
96,1
14,3
54,3
11,1
21,4
93,3
81,2
82,5
60,4
84,4
81,4
94,4
18,3
42,3
7,1
53,0
66,1
31,0
18,2
47,1
45,2
89,1
25,2
40,1
53,4
24,0
59,2
88,2
105,5
2,4
19,4
94,3
33,5
17,4
13,2
85,2
18,0
46,1
39,1
72,4
36,4
81,0
88,0
95,5
85,3
87,2
70,4
48,4
99,5
85,2
23,2
32,5
37,2
21,1
20,5
7,1
43,2
76,4
42,1
39,5
12,5
57,1
4,3
73,4
25,3
4,4
77,2
75,3
20,3
58,2
13,4
10,0
19,4
98,2
46,4
2,2
36,2
36,2
8,1
55,1
77,1
40,1
26,1
22,3
82,3
98,3
44,5
25,1
99,4
64,5
61,5
95,1
13,5
29,5
103,4
102,4
78,4
30,4
10,5
13,3
33,3
3,2
15,2
62,1
35,5
5,4
100,5
18,5
41,1
67,3
27,2
78,3
100,4
66,1
35,0
20,0
56,2
62,2
91,3
42,1
54,3
25,1
32,2
60,3
40,3
49,1
55,2
57,1
85,1
16,3
32,0
60,4
27,2
13,0
79,1
54,4
62,2
79,1
68,0
57,3
70,3
67,4
38,3
50,3
81,5
16,3
84,2
18,4
73,5
41,5
64,3
41,2
36,1
58,2
102,2
24,5
24,1
40,2
7,0
94,4
37,4
21,2
44,2
97,2
67,2
55,2
10,3
29,2
31,3
67,1
7,1
55,0
91,1
14,4
92,1
16,0
37,3
89,2
38,0
63,0
58,2
2,3
41,1
53,4
26,3
94,2
92,2
72,1
50,4
89,2
56,4
79,3
41,3
23,2
52,2
99,4
54,4
94,5
35,0
50,4
9,2
48,0
32,0
24,0
27,4
85,3
15,3
21,1
35,2
70,1
91,2
9,1
58,0
73,4
82,5
8,1
34,3
58,1
63,3
6,2
75,0
35,5
41,2
82,3
7,0
70,2
93,1
17,3
27,2
4,3
50,3
50,2
78,1
20,5
59,1
43,4
18,1
60,1
6,3
61,3
55,4
87,4
17,3
19,2
86,2
63,4
69,1
71,1
14,2
73,1
58,3
58,5
62,0
35,3
58,2
40,1
59,4
104,3
94,4
9,2
88,2
88,0
98,3
100,3
18,3
62,3
14,2
32,1
79,5
57,2
51,2
73,2
44,3
81,4
39,4
99,3
22,3
50,1
49,3
57,2
7,2
83,1
73,5
31,4
84,2
100,1
53,5
39,4
53,3
24,2
44,0
101,2
55,1
53,4
79,3
53,4
34,3
90,1
25,1
37,3
105,2
35,3
77,0
104,3
33,0
70,3
87,3
55,0
65,3
1,2
53,1
85,1
67,2
59,1
10,3
84,4
45,5
90,2
9,4
3,2
61,3
24,5
50,1
8,1
12,0
9,4
77,5
31,1
18,5
44,2
100,1
56,1
96,3
81,2
44,4
47,5
7,4
36,3
20,3
22,4
103,3
95,2
18,5
13,1
39,3
82,5
7,4
18,1
78,2
84,1
20,1
85,3
57,3
94,4
32,1
24,5
47,3
50,2
47,5
36,1
38,5
65,4
53,3
80,3
12,1
35,0
95,4
75,5
40,2
58,4
82,1
10,4
80,4
36,1
86,3
12,1
33,3
95,4
31,3
50,2
40,2
5,2
20,0
16,4
88,1
74,1
16,3
78,4
15,5
29,4
42,4
79,1
50,1
